50
50
0
0
13578932177754346158372164316457948164321567316485
76854376877771681345138768713276813721768138106857
35271856377754178613781984328716874651783217635179
98437813777796512321567946513215648974864132168798
32165845377783291785649738126763584976582137894175
32874965777737812967589478321973854786594783291738
29786594177723281796578497831297836594786392178659
47865917877727673812937589417389574837812973859485
61476849777791738941657849675849378129378137865874
65749718277778329173946532135261435846238514381238
32178395477737581965784938127976584967854932197856
73829173877776859137829576496741973921739217856947
37859146777797381297865497865917381297859467489732
32817975877771932871975638497381297385947685913299
37821975677737812976584973812967584967819321789675
37812976877773812973865497635819738129763584978327
37812973577796789182719738594768591738129765894678
32861678577783783291786549783219786549678549327786
32817967577773812976358496785197381298594674893781
32879165777773812978365946789738291738591765849733
37821976577773812976854973812976854973821973829655
32817976577773812973812937281976358193758193785197
32817976377796781392719328179578395789175896781937
81297568377779756849678932879235432614532164532163
37812976377797381293782193781297584937812937129381
27937854977758496758493712933216765849738219765849
32817937577767859137829176854973812973852496758979
35947689177717586975923178216532168979846513256798
23163549877713214898765117418523369385247185329636
96385287977751859271956725974213752324786543821658
32719678577778954320546798465124491852934657642374
32468579877712341987456312324578989756421312356478
21985189477732786748915103246545623781563751764195
37658369777754389123817923654125643897123741652341
98234165277718573683456184361843652146814361854361
54315243177753416287694879458679845362413614358489
67498534177736152379845769847569845769847361523645
12314236577745679845679845636451234625798789564456
16145564377746954835927835129781297685465746589476
85496758977782719768549675819328719678534965789328
71937854977784965783193287496758496578195678496781
97863594177754978532197385496785499875155656445645
68795612377745678989189132189657849678932173954786
59478392177712978365497684937129378129768549768549
73812937877737819657894678541937851978635495678493
81279381277778496578493281793284765784967854913812
79328179377719657849638127938127932817965748965784
96574893277793754332488794651325789465132328758647
32879675877778976832917382917865947849785469786359
32817975677767581932817937819758496749657893281793